811 531 193 533 660 397 451 550 232 2 741 57 701 877 936 19 298 557 391 896 316 
431 122 471 187 265 834 877 784 643 528 595 526 722 480 187 119 283 89 703 285 
182 112 987 59 48 358 358 958 749 606 274 532 729 97 719 346 932 949 130 575 
477 77 454 551 909 641 22 192 82 725 477 264 190 816 676 590 174 386 548 923 
992 174 808 73 272 527 419 204 828 901 131 658 330 585 209 239 578 584 431 660 
309 909 925 851 725 601 442 252 987 990 527 979 165 335 405 789 215 824 345 43 
78 828 53 408 414 263 648 344 847 79 357 508 340 282 360 418 235 802 670 574 
144 549 905 661 885 310 450 452 135 147 847 565 976 901 973 390 516 621 86 363 
53 443 223 393 77 935 811 312 89 833 886 234 383 792 895 620 102 698 72 589 
845 919 154 821 172 480 563 688 101 2 51 506 445 627 900 523 562 63 187 652 
897 74 238 632 218 485 252 672 183 324 614 381 595 120 554 768 600 470 456 54 
472 860 560 269 839 460 792 401 876 980 405 773 406 643 405 624 129 657 296 664 
333 910 397 928 31 304 48 983 774 857 37 598 717 598 867 908 410 660 309 286 
992 67 411 750 710 168 374 191 825 22 208 510 285 605 791 668 909 839 651 35 
696 41 633 765 991 501 673 753 513 335 40 505 402 803 607 464 972 981 656 149 
355 216 660 992 821 451 660 83 642 664 470 339 57 104 456 48 957 130 801 470 
817 193 327 219 997 934 683 321 267 691 470 974 907 482 967 81 933 627 516 576 
643 986 267 700 442 723 100 399 205 902 221 22 447 900 593 796 186 277 117 453 
320 940 780 228 422 747 661 708 726 177 636 370 163 903 422 958 978 523 709 536 
777 931 910 224 183 504 21 370 133 138 175 453 78 955 33 853 702 694 561 781 
223 197 503 739 452 925 697 782 800 406 318 577 689 229 802 873 85 175 243 218 
665 770 23 96 726 409 949 780 455 510 561 679 59 64 418 511 342 467 645 494 
225 964 72 915 545 226 140 630 401 383 200 66 505 223 514 231 632 463 364 88 
325 277 119 384 694 889 247 36 356 893 530 581 209 954 848 754 180 988 736 933 
723 936 352 229 159 866 812 144 330 176 584 7 454 703 744 148 592 343 536 300 
588 418 233 797 373 82 903 905 70 639 191 794 927 543 23 439 409 187 583 91 
364 519 451 170 574 195 670 518 538 206 818 127 976 51 276 701 133 532 607 556 
523 798 350 451 693 725 890 454 912 825 546 628 696 997 798 270 544 468 788 82 
26 958 561 355 9 190 56 495 74 663 51 597 813 753 400 506 478 642 961 742 
819 859 371 515 208 521 785 752 342 925 186 720 883 100 75 245 642 132 740 716 
147 791 665 313 544 66 819 374 708 132 116 528 343 839 395 551 713 533 655 407 
458 194 127 694 294 555 939 288 39 679 4 186 822 669 499 366 87 671 92 796 
155 560 676 499 752 71 402 465 604 410 224 415 604 703 109 250 258 48 538 649 
727 894 836 549 915 687 267 3 710 359 799 218 271 827 717 23 898 471 840 855 
881 64 270 485 120 379 87 378 779 625 380 506 871 216 407 787 255 674 790 318 
385 941 536 656 768 605 32 18 76 872 225 310 289 495 147 409 226 235 139 5 
212 519 863 84 735 270 871 343 296 13 661 33 954 197 42 74 802 74 444 230 
298 670 540 587 517 688 996 96 275 136 453 487 655 317 923 743 939 794 438 588 
807 99 973 113 648 15 539 802 441 984 32 740 6 925 679 875 965 676 971 240 
164 777 79 819 94 3 914 385 149 352 973 309 803 299 422 803 666 962 605 108 
298 990 200 656 915 231 531 232 907 855 824 423 632 903 243 78 258 509 815 408 
214 141 717 17 440 491 821 106 805 778 566 103 768 118 111 35 350 995 267 609 
850 91 33 834 995 628 264 605 137 79 13 703 220 82 721 12 574 894 471 379 
672 37 835 793 508 946 828 858 941 96 819 143 539 852 329 886 832 593 492 970 
25 505 673 597 940 746 610 514 992 81 893 17 470 728 810 978 675 990 188 968 
438 360 112 978 212 441 864 45 387 356 367 764 214 392 361 154 139 323 668 483 
756 913 500 227 642 310 557 669 653 98 637 91 458 749 69 22 543 934 419 930 
642 786 694 208 531 407 714 22 731 734 505 487 648 6 66 642 668 976 311 321 
426 300 413 884 402 834 258 945 120 678 227 115 464 273 323 995 680 390 17 411 
124 875 251 124 881 669 766 901 997 429 223 423 730 988 659 132 822 918 429 295 
596 656 410 412 929 733 760 609 123 129 373 600 4 976 724 237 997 843 139 347 
624 714 770 706 702 782 190 876 52 619 171 648 627 581 412 556 667 172 518 142 
302 243 742 658 571 819 896 920 14 35 267 638 749 390 345 803 524 535 679 576 
507 203 224 134 136 988 43 803 161 561 298 815 156 392 473 79 211 721 999 225 
756 619 864 857 361 561 660 885 96 692 461 603 247 37 90 383 25 133 539 538 
46 837 353 554 229 179 633 793 900 984 370 9 955 586 866 316 147 879 201 596 
923 662 551 170 51 641 905 77 774 444 615 172 633 321 726 215 852 359 360 104 
696 730 113 651 669 332 968 168 563 169 764 486 184 668 8 235 309 265 664 436 
710 280 608 695 953 335 262 805 46 622 261 742 705 727 394 726 59 362 894 974 
883 659 812 419 327 820 7 988 437 671 776 147 303 737 195 256 424 809 413 470 
432 675 213 489 402 959 215 813 673 109 139 908 120 951 328 799 123 687 140 560 
358 916 60 662 5 607 270 429 416 36 900 200 63 465 689 817 424 256 630 449 
718 121 357 838 72 37 990 547 724 130 107 83 398 519 97 404 126 719 833 543 
107 85 743 170 550 785 987 326 393 969 775 111 90 485 302 514 522 292 61 247 
774 169 682 172 688 131 928 167 202 762 710 310 847 805 480 750 590 820 76 984 
789 852 447 232 337 749 746 211 393 808 810 167 329 492 692 369 975 620 536 178 
734 598 488 934 404 320 684 346 140 760 682 282 964 130 514 653 231 260 865 625 
420 675 792 749 520 484 471 847 457 7 25 191 606 865 125 362 186 809 708 678 
922 391 960 238 873 474 892 104 87 109 729 507 136 874 609 8 710 80 856 167 
439 233 359 45 99 484 407 637 646 468 667 920 859 628 158 84 454 50 188 893 
511 270 401 648 496 362 656 206 442 864 374 881 98 85 279 197 921 38 186 567 
506 853 839 717 833 998 801 288 400 342 181 912 964 934 912 460 648 568 666 442 
433 392 676 883 477 955 432 399 345 618 318 852 823 158 569 657 508 723 297 908 
65 830 820 381 117 84 841 765 653 507 560 438 252 236 321 729 543 753 480 888 
723 799 740 546 309 662 555 817 737 204 725 154 35 898 535 504 982 376 621 987 
235 181 425 487 417 98 569 960 203 49 849 926 848 941 825 157 955 380 326 692 
585 52 846 972 302 381 476 284 109 449 624 697 631 401 184 48 500 753 361 55 
155 562 982 3 855 807 513 811 539 839 503 124 243 702 448 545 435 276 182 897 
726 158 594 357 559 778 757 411 884 470 467 391 384 801 394 240 608 259 51 147 
451 906 624 46 608 424 944 396 701 126 293 779 636 887 488 195 17 597 959 253 
68 778 644 452 579 391 692 539 2 95 38 453 2 662 500 962 439 444 710 492 
922 3 271 910 242 759 457 612 708 416 865 776 194 862 581 125 253 625 664 255 
73 703 61 75 717 913 389 508 709 100 0 983 455 271 893 50 382 350 662 91 
119 879 219 665 741 152 791 346 778 807 954 203 862 15 278 932 280 19 440 989 
471 793 324 927 64 217 977 799 919 991 890 38 870 461 704 612 614 847 310 744 
6 264 947 869 631 577 153 911 596 945 252 68 738 576 347 803 793 676 954 65 
667 196 103 537 657 159 501 623 358 812 367 365 76 666 586 60 243 91 971 192 
36 224 612 775 152 311 930 298 987 884 363 654 80 818 543 89 330 397 713 688 
561 80 405 989 747 343 49 342 434 21 886 471 597 498 246 749 809 176 47 148 
412 410 154 492 581 698 581 911 447 294 599 8 727 357 997 826 700 47 520 135 
420 407 958 17 905 556 118 67 84 166 215 496 928 370 340 509 420 273 420 219 
920 372 227 647 729 576 825 781 623 345 916 395 752 226 764 10 782 883 77 866 
401 644 714 681 14 54 543 786 328 963 5 248 687 584 247 768 161 424 550 136 
769 466 532 874 45 296 884 827 531 961 46 284 605 760 966 972 815 509 110 495 
824 468 95 864 52 694 632 213 118 182 702 887 1 234 113 46 882 997 873 766 
310 271 50 916 32 368 240 847 877 350 694 54 818 789 918 223 483 550 788 601 
733 490 840 86 76 954 132 959 303 357 77 614 629 127 882 661 496 122 860 725 
824 554 779 995 343 49 218 178 952 358 131 37 849 971 123 925 277 255 236 581 
612 313 195 593 441 77 254 289 551 466 14 727 20 146 722 715 195 292 893 147 
651 24 184 500 348 307 777 977 914 14 558 879 327 105 472 120 534 79 409 437 
545 424 165 566 922 887 633 117 532 527 617 183 903 801 35 251 461 812 229 375 
826 139 606 506 597 79 626 131 158 36 921 55 812 86 621 734 325 255 203 857 
134 820 392 37 974 427 641 435 592 222 162 770 713 769 276 310 848 255 794 358 
291 715 413 455 153 387 541 478 994 744 336 480 565 728 869 539 508 862 326 100 
84 488 222 798 609 499 460 457 754 606 167 397 673 933 852 826 672 393 305 18 
489 993 498 54 73 367 945 581 230 623 33 666 112 256 816 721 107 629 531 213 
235 50 962 909 983 166 735 7 911 392 25 400 385 875 807 459 595 752 392 177 
376 778 843 840 34 12 913 493 641 444 58 876 847 20 137 182 186 873 190 97 
617 567 497 3 443 656 814 38 761 206 215 137 984 58 329 370 422 594 215 63 
39 273 292 238 645 429 420 831 654 962 280 272 530 778 627 973 786 441 11 547 
999 578 36 984 988 365 706 411 960 922 474 351 547 766 589 193 196 361 376 202 
324 657 474 206 787 101 179 573 542 542 121 542 120 157 878 460 875 936 871 187 
210 698 538 758 464 479 303 12 192 31 215 516 40 41 722 827 143 253 753 37 
147 226 931 267 735 809 728 610 746 951 797 956 649 687 66 466 166 721 830 711 
753 397 227 793 439 302 973 934 907 78 323 55 304 255 674 39 416 754 2 514 
706 799 823 707 487 241 173 5 963 4 716 68 401 296 213 192 950 186 478 857 
616 802 912 920 57 939 312 473 693 314 340 399 113 163 459 952 404 632 310 367 
988 26 787 742 674 1 934 624 539 413 834 156 567 98 76 624 37 388 449 731 
54 789 482 168 304 941 472 709 926 782 428 914 809 216 656 835 569 943 812 108 
708 646 264 275 744 693 251 134 433 700 217 488 842 699 8 146 993 480 855 919 
263 636 185 424 852 194 259 773 137 71 881 197 69 146 824 166 191 75 300 624 
127 517 112 969 568 120 116 561 953 323 832 216 959 18 992 163 564 603 936 53 
27 170 250 96 668 74 262 859 501 562 483 628 79 948 598 0 420 66 561 373 
389 746 941 701 116 933 216 680 889 505 733 916 675 983 12 343 409 627 202 910 
189 37 890 621 985 840 621 758 906 534 483 648 280 425 701 396 710 917 428 599 
422 161 867 449 496 880 792 257 507 346 519 48 384 410 21 721 250 642 479 509 
529 315 157 161 740 858 558 802 127 338 754 902 500 621 351 996 853 144 606 712 
490 125 761 226 535 782 948 138 777 779 647 306 94 156 467 186 366 377 989 493 
716 95 395 568 68 747 916 922 243 522 634 85 648 747 312 535 882 612 25 11 
391 672 669 486 180 488 24 546 866 13 392 934 460 787 854 529 886 770 803 481 
645 789 567 645 889 231 532 771 843 558 782 234 582 451 72 763 939 97 309 157 
462 701 443 275 841 649 156 79 772 959 561 417 748 480 414 989 711 946 760 554 
504 894 140 87 697 565 202 989 14 511 498 476 565 294 103 406 943 259 485 715 
218 398 484 319 878 898 308 589 197 421 495 701 667 988 140 365 905 342 706 919 
206 204 747 771 850 851 529 794 110 366 861 681 117 698 352 995 596 660 937 145 
433 784 199 101 772 339 818 677 34 876 948 592 432 696 715 283 547 244 429 9 
962 290 690 79 988 42 427 937 55 364 82 840 500 633 941 273 325 111 302 359 
987 603 303 420 299 18 55 198 614 484 207 576 126 898 8 115 292 435 404 699 
151 838 540 651 472 481 276 797 945 931 508 284 534 811 56 833 181 111 31 795 
947 590 723 74 840 731 541 133 518 945 832 669 135 372 673 959 206 949 756 503 
880 616 787 766 779 196 599 960 659 982 755 607 573 479 681 413 562 222 898 81 
519 83 102 654 455 775 614 13 725 722 868 957 691 656 724 470 204 675 783 863 
658 538 470 583 369 503 348 932 725 247 365 596 330 467 603 137 243 569 503 968 
643 371 277 334 379 1 157 583 677 940 799 687 830 269 270 552 125 618 836 202 
217 201 799 547 20 402 37 263 323 540 583 966 911 861 653 643 214 810 226 243 
102 25 930 284 647 552 188 772 523 24 326 92 577 125 992 598 879 29 213 202 
921 797 521 184 10 174 827 224 336 406 468 438 783 750 74 782 655 263 906 530 
639 233 622 569 358 966 519 590 995 732 144 268 529 665 453 891 839 632 116 175 
38 936 965 822 38 392 604 693 7 863 575 646 96 550 567 806 516 86 396 864 
171 541 132 700 558 937 944 398 570 60 925 608 348 243 782 386 635 739 432 642 
602 7 640 50 909 208 856 778 646 605 642 817 146 126 870 56 64 814 806 986 
874 732 946 222 975 729 960 610 820 392 604 774 752 244 824 661 452 32 439 99 
637 433 916 783 560 786 192 976 600 998 962 826 730 908 400 57 989 361 19 161 
105 623 935 209 868 111 223 672 144 14 771 781 448 40 917 360 178 109 336 131 
107 650 957 190 910 710 599 900 423 619 413 880 594 701 90 462 812 313 135 308 
327 258 90 127 298 359 487 477 468 175 608 927 177 917 469 88 979 69 340 402 
40 753 283 634 454 725 449 619 38 936 927 717 194 17 845 845 376 684 674 196 
860 634 476 37 551 945 477 883 14 817 285 406 571 920 41 377 997 490 996 35 
778 924 105 972 293 950 169 670 634 843 218 846 477 694 236 381 640 713 264 6 
531 901 413 454 174 806 183 171 648 180 559 426 456 664 750 749 966 920 771 952 
763 990 799 241 36 35 974 28 748 590 35 631 491 800 85 17 958 269 541 606 
801 100 32 257 116 782 358 82 702 130 34 818 472 833 411 860 220 385 889 969 
327 276 600 818 428 38 188 386 659 729 992 460 181 376 69 297 510 427 731 213 
909 765 383 381 951 794 594 171 531 483 492 858 759 445 28 187 835 216 573 494 
297 917 306 478 293 375 775 803 154 506 368 64 624 103 797 927 897 391 450 780 
874 943 990 985 740 19 524 927 587 449 421 885 366 727 715 11 454 843 167 608 
701 887 672 325 991 470 252 240 213 55 21 88 998 363 425 90 734 950 17 322 
399 790 559 118 869 626 129 323 469 648 931 171 536 956 848 527 778 453 767 991 
508 140 431 858 856 857 948 590 159 317 264 558 107 823 676 328 802 158 651 271 
806 934 794 694 242 643 221 20 96 341 364 604 833 147 462 689 4 762 632 163 
79 896 74 538 72 102 866 874 612 869 145 419 803 940 113 398 935 687 770 31 
28 134 987 213 282 801 255 638 563 887 154 994 783 580 884 855 682 102 729 295 
971 227 66 126 519 179 524 454 218 295 837 598 781 824 812 415 625 67 406 540 
954 560 534 89 140 770 945 174 872 26 469 843 253 535 321 772 67 198 578 637 
845 415 236 626 591 48 394 568 467 800 108 773 712 994 862 204 764 159 730 988 
186 200 183 439 87 505 564 506 55 142 144 900 910 380 878 501 780 272 422 599 
424 530 372 488 877 586 692 993 746 775 982 932 975 165 371 414 22 935 273 77 
430 417 329 340 149 208 193 929 480 615 528 905 498 252 393 375 838 438 368 584 
565 702 516 540 220 240 306 594 527 579 24 957 348 353 297 497 561 491 778 42 
458 658 299 956 910 44 331 101 834 52 685 399 106 554 291 326 146 950 921 673 
529 945 631 230 298 280 727 212 123 506 254 582 164 905 538 427 949 222 528 136 
626 565 535 732 119 179 411 265 129 332 291 10 629 922 240 279 554 968 491 678 
826 97 612 342 2 502 769 304 724 297 792 702 215 679 435 686 858 846 952 339 
530 595 350 511 517 590 142 423 910 986 101 736 83 65 431 438 568 200 94 644 
850 886 347 65 917 134 751 776 980 55 115 862 650 817 373 519 408 867 943 670 
853 396 759 937 814 190 727 382 390 821 378 592 59 77 657 976 211 761 104 543 
168 572 405 819 389 130 690 149 998 633 820 851 382 579 140 196 769 867 930 511 
40 660 104 451 738 113 780 949 226 884 845 395 456 602 214 846 85 256 995 435 
242 167 286 624 746 779 172 867 998 454 731 391 114 187 194 852 300 974 154 527 
859 999 922 667 953 488 865 38 744 213 473 338 380 112 962 479 243 486 346 241 
940 429 984 55 616 179 907 917 153 413 796 364 764 70 32 718 910 249 108 6 
462 582 345 843 46 659 322 289 146 20 530 86 450 867 493 66 46 753 335 199 
166 131 564 931 553 948 1 463 197 109 822 660 43 519 855 89 178 177 378 324 
197 261 763 647 128 608 714 526 361 401 725 528 533 641 811 438 941 164 254 139 
625 76 151 669 595 6 110 125 535 841 802 732 454 917 732 934 525 798 460 887 
199 185 767 84 179 578 523 120 94 129 611 719 205 114 388 152 120 499 629 7 
340 431 740 794 348 824 728 874 974 188 761 173 725 528 610 256 458 133 377 552 
614 340 271 171 455 12 323 575 511 952 935 203 736 675 349 84 851 77 310 825 
617 423 350 694 303 960 951 761 445 680 665 59 20 289 230 475 301 905 403 812 
210 338 367 946 365 716 382 216 145 45 393 762 468 743 456 772 704 759 885 149 
439 903 209 460 192 439 935 493 345 690 657 555 28 376 853 393 92 587 961 237 
632 354 351 101 98 159 225 802 919 462 951 358 365 512 170 909 304 458 402 1 
148 411 908 177 787 761 922 231 348 884 468 981 238 171 434 688 331 659 490 602 
473 794 312 839 658 483 748 962 941 503 315 441 266 223 970 406 336 893 989 37 
129 810 370 719 981 804 408 312 815 250 914 288 396 227 479 55 62 580 369 355 
435 685 796 53 908 767 459 245 12 801 634 141 611 4 860 592 808 620 257 975 
871 171 263 267 750 95 674 164 675 44 519 462 729 668 515 989 787 327 234 151 
128 220 644 739 224 856 683 32 477 940 7 700 112 623 967 214 718 642 731 745 
686 250 559 767 270 74 756 409 753 343 560 233 563 204 972 788 61 656 820 890 
948 180 590 60 155 557 627 873 551 358 970 589 960 529 356 583 955 113 992 61 
808 905 294 371 109 619 159 522 627 332 412 575 864 2 988 19 912 967 244 463 
677 566 53 637 447 761 572 402 226 917 815 34 822 110 406 283 81 917 158 708 
601 570 283 465 925 623 836 837 590 80 652 267 646 57 257 93 819 829 848 45 
98 663 80 920 125 838 556 206 755 714 914 357 636 550 174 561 173 11 750 116 
443 755 383 90 812 992 535 631 174 735 29 272 399 109 545 876 299 101 83 54 
167 997 763 803 899 938 717 425 301 819 541 744 574 276 186 387 269 74 370 443 
809 399 67 560 860 612 437 159 713 520 566 232 869 681 36 121 619 105 546 272 
276 87 17 851 715 203 590 984 277 960 779 439 712 847 999 572 459 788 84 525 
660 650 757 882 331 145 3 303 602 549 575 879 988 944 730 703 500 672 40 129 
632 819 568 696 18 920 269 478 708 705 355 721 707 112 603 390 610 606 693 212 
155 621 91 495 917 173 198 417 845 238 547 830 410 115 526 428 387 147 258 448 
852 613 169 559 78 772 302 688 730 995 900 885 968 344 380 886 517 930 655 715 
521 202 897 931 670 423 711 57 923 322 857 775 287 26 687 365 150 989 405 880 
336 658 117 657 2 849 895 871 780 550 586 653 753 483 584 775 259 647 184 182 
969 42 309 257 68 348 974 219 689 380 451 26 38 569 35 40 418 930 263 198 
480 850 851 585 685 787 360 296 787 545 478 756 587 140 365 7 840 340 578 530 
72 30 908 110 599 943 502 17 873 765 568 705 967 771 291 5 911 3 301 698 
900 132 806 839 624 524 847 464 864 777 994 288 807 902 750 758 197 252 128 70 
369 696 128 689 819 419 694 730 774 347 780 675 831 939 514 455 463 713 920 679 
491 266 967 650 521 717 409 718 321 537 789 42 585 917 731 404 688 777 487 814 
477 619 489 308 558 356 116 373 69 388 52 560 654 19 563 175 88 972 894 761 
861 35 804 446 304 535 202 344 665 41 158 142 13 0 802 571 356 918 945 425 
306 349 338 961 721 253 488 809 225 734 571 86 121 727 884 777 614 438 473 279 
480 632 773 493 984 576 416 340 494 713 117 801 63 807 114 136 60 954 945 637 
41 868 75 162 947 959 940 562 398 765 841 230 397 967 75 733 543 843 73 37 
557 543 190 972 702 656 108 763 611 405 752 652 626 828 166 573 139 458 487 889 
224 681 471 973 648 546 707 191 390 132 580 299 675 123 623 730 779 83 493 742 
840 597 746 818 425 265 744 565 723 231 806 299 912 278 273 560 176 332 751 566 
464 684 217 492 807 192 222 938 275 67 33 116 664 131 934 90 396 678 7 472 
262 165 771 174 443 44 735 620 376 838 538 841 874 108 685 33 300 907 972 928 
326 357 396 990 488 330 432 885 361 791 709 975 957 480 149 752 525 236 724 253 
427 615 446 301 75 131 687 375 390 11 655 716 368 51 59 856 734 491 93 447 
635 802 422 944 635 923 696 160 160 773 413 939 740 212 592 815 343 279 542 86 
290 198 802 658 249 861 867 335 705 312 782 340 467 204 284 102 128 332 614 640 
457 379 579 197 591 523 12 935 803 555 21 93 105 175 104 706 389 323 42 94 
635 824 786 454 381 422 556 861 106 170 853 564 902 784 761 493 307 774 428 110 
681 801 556 138 329 12 844 718 335 886 164 322 63 950 777 796 724 685 657 830 
208 862 394 110 646 156 603 305 282 384 768 963 185 676 101 514 688 297 584 23 
184 748 697 599 698 474 395 774 160 404 605 368 266 999 830 264 155 433 569 789 
817 337 104 355 365 557 221 53 855 806 428 391 906 126 990 605 600 737 731 112 
141 336 832 759 336 662 375 843 96 944 633 265 634 737 972 999 295 194 405 502 
352 833 893 258 959 883 215 912 620 947 24 113 283 857 224 971 871 599 167 967 
543 800 585 529 889 557 881 536 103 286 38 807 119 283 418 431 518 633 343 490 
932 719 603 568 928 827 891 800 426 58 119 322 210 704 203 452 614 84 340 69 
722 731 229 194 14 647 625 533 632 320 23 917 391 979 485 320 158 728 120 937 
787 239 611 349 296 814 801 262 251 142 331 973 225 912 519 239 559 496 124 544 
816 148 461 208 479 298 880 989 26 0 926 165 591 889 867 887 704 668 149 307 
162 833 632 387 745 152 979 657 648 103 201 817 603 662 377 82 312 257 424 690 
609 702 856 200 592 723 88 296 743 589 955 258 774 587 997 520 739 976 529 740 
80 730 557 683 744 286 118 56 543 542 746 152 244 954 352 188 677 792 836 773 
734 791 31 508 379 28 380 470 357 909 562 437 639 119 472 735 757 942 791 300 
836 890 804 433 844 509 621 874 301 458 999 387 249 382 896 980 410 276 451 119 
186 365 556 177 837 381 913 594 323 56 895 512 946 51 945 143 560 566 369 214 
376 368 601 626 750 497 958 512 126 761 632 664 127 540 841 964 921 106 558 597 
163 805 461 109 857 406 604 769 324 973 983 701 341 585 679 443 434 989 956 560 
751 588 224 878 480 418 194 754 524 752 703 687 910 164 149 119 570 753 888 246 
79 224 299 420 161 978 864 595 320 172 508 71 760 84 301 592 502 495 346 27 
599 49 66 509 213 215 980 135 321 869 382 400 445 681 172 606 12 388 201 332 
560 61 755 672 146 56 265 0 551 963 27 150 13 446 12 578 13 992 714 686 
213 448 86 658 481 611 264 845 999 818 529 560 231 284 232 377 340 497 378 243 
461 757 746 826 203 110 404 569 102 470 255 668 270 694 678 104 305 295 949 304 
113 479 864 344 115 97 74 456 946 452 51 759 561 797 585 117 907 342 686 362 
164 293 30 787 987 708 891 644 3 192 949 468 671 165 165 139 614 591 595 561 
395 998 672 956 796 610 425 55 304 463 769 468 757 799 607 96 860 498 741 215 
43 42 36 66 207 553 205 822 144 152 735 539 151 407 847 299 369 273 354 673 
736 124 494 493 275 101 942 487 952 683 703 995 725 91 61 284 644 619 106 788 
771 193 327 922 601 174 221 322 447 576 996 536 52 842 381 327 943 323 167 247 
358 870 594 435 961 8 720 957 627 826 745 398 20 424 321 973 598 894 295 398 
822 643 286 874 485 667 554 781 991 721 380 349 943 975 785 256 335 857 213 962 
683 958 712 55 382 385 380 332 280 28 82 102 23 368 329 861 388 235 642 379 
956 374 80 251 701 217 507 36 74 72 350 110 382 415 517 764 800 250 448 432 
278 883 887 653 603 216 514 991 803 508 722 759 883 155 362 584 724 221 973 799 
293 675 261 675 90 130 791 243 380 591 675 10 474 562 664 430 130 178 421 933 
687 496 44 922 651 406 858 375 979 183 526 272 859 787 299 949 270 442 192 2 
34 220 13 860 782 29 290 265 207 64 198 246 560 243 168 211 1 379 938 981 
562 465 605 421 604 905 723 874 347 267 877 733 487 242 946 622 271 236 887 830 
652 437 77 564 680 597 127 34 976 66 15 891 531 620 312 487 877 387 362 577 
7 591 310 494 185 256 468 456 845 707 638 849 145 715 414 825 665 541 211 993 
607 226 884 490 199 549 978 428 288 692 5 295 635 668 142 820 276 610 628 121 
318 266 323 463 334 737 640 351 630 852 344 590 430 581 80 981 482 410 410 770 
102 415 66 89 435 560 909 712 170 889 185 488 508 508 303 842 597 944 193 228 
148 889 818 578 822 250 560 656 661 322 427 115 89 845 205 525 405 466 589 927 
356 774 768 864 635 71 58 232 367 603 812 867 844 630 798 19 233 710 675 894 
32 102 9 121 299 566 998 56 33 587 984 741 362 104 957 997 527 367 581 895 
970 394 114 166 376 912 185 609 622 861 855 654 315 865 128 967 783 126 23 168 
714 359 909 76 815 218 425 343 585 358 238 555 752 352 74 129 617 259 90 239 
120 946 246 788 163 374 755 946 500 130 115 214 842 376 642 657 595 419 0 180 
778 590 88 882 295 162 363 912 421 454 503 894 752 749 34 915 123 789 213 976 
271 328 190 465 705 185 123 300 956 475 832 734 66 920 969 713 82 332 977 856 
786 480 102 890 230 136 805 705 277 19 681 548 699 224 14 404 409 489 56 717 
964 241 804 382 161 773 447 596 105 424 452 244 905 554 134 487 690 940 192 967 
311 874 867 10 98 233 767 859 74 175 928 391 416 732 773 578 505 573 174 611 
997 978 207 902 884 341 741 574 633 934 893 296 160 112 307 610 698 74 821 772 
249 749 163 666 482 289 596 987 862 122 950 859 100 157 114 336 851 855 262 836 
789 507 133 301 619 792 911 317 866 732 90 467 482 605 485 964 894 433 303 756 
555 254 616 7 763 82 343 966 937 605 803 79 112 288 380 84 80 644 401 298 
376 843 765 210 449 603 526 343 36 830 452 592 436 420 951 551 502 295 518 439 
252 673 870 717 961 603 801 41 247 554 339 975 398 456 186 199 59 64 894 96 
894 346 40 682 766 991 586 268 638 104 60 891 129 282 608 90 885 761 483 132 
315 174 460 65 630 646 616 42 710 511 490 957 857 530 991 624 873 577 244 512 
33 656 755 162 939 715 604 824 476 87 309 143 613 769 561 596 767 177 990 477 
40 480 786 898 362 778 874 235 707 470 99 741 127 206 903 66 921 860 890 749 
299 551 245 913 320 158 861 87 687 851 917 728 331 703 978 45 833 204 632 541 
674 732 634 153 290 889 219 212 749 462 313 49 13 558 314 334 716 175 773 404 
26 690 484 709 746 462 754 931 666 386 824 692 470 810 846 761 700 417 325 801 
879 638 202 245 549 516 931 617 691 704 373 69 747 857 778 845 319 884 128 337 
271 953 30 93 115 228 854 815 645 179 617 877 818 819 122 719 688 53 336 731 
109 710 801 208 567 931 53 239 816 182 576 439 487 958 532 602 538 739 770 184 
918 739 413 88 558 535 807 246 940 496 978 49 206 131 258 773 62 663 364 230 
197 293 21 36 603 554 991 142 293 761 678 563 500 91 4 410 978 163 9 918 
659 339 319 865 470 929 991 884 945 355 467 494 648 488 531 604 394 522 746 39 
635 776 603 487 867 607 249 197 770 258 467 430 597 786 647 419 68 638 304 13 
346 771 507 346 611 390 950 6 264 696 45 251 472 0 738 691 959 988 888 82 
246 707 864 196 846 511 615 914 502 271 279 848 42 138 194 6 881 145 364 145 
193 409 397 666 762 487 709 721 827 950 803 426 657 667 622 503 531 589 769 33 
861 400 881 255 539 75 261 772 220 625 917 414 387 666 432 149 506 493 222 333 
443 26 111 453 45 733 308 576 675 78 609 536 478 490 791 369 918 405 141 490 
30 411 256 769 429 40 270 287 534 493 621 977 871 84 782 916 170 91 845 845 
169 454 381 999 297 524 721 567 929 214 57 960 625 666 81 407 706 352 694 240 
845 667 570 716 752 352 984 922 443 829 767 964 284 500 964 933 24 685 500 954 
899 909 266 877 575 347 636 282 699 330 874 896 998 444 612 102 797 597 376 592 
426 143 557 62 995 873 347 19 910 847 325 161 109 591 390 684 291 26 318 342 
357 193 239 707 989 203 161 138 152 537 731 931 32 640 345 27 865 693 398 775 
892 724 288 1 667 679 38 310 705 708 653 62 253 244 121 243 447 282 381 952 
819 464 883 203 456 228 230 673 921 981 448 166 57 737 167 724 416 205 387 473 
266 40 888 519 636 9 762 83 644 496 35 815 312 270 19 121 851 601 794 772 
582 243 938 639 332 458 716 100 15 103 573 281 495 461 801 131 823 915 566 819 
411 954 634 76 224 653 197 75 607 991 200 189 586 490 829 270 300 897 370 316 
0 296 949 847 109 102 978 932 18 896 751 781 850 738 209 427 743 406 854 350 
750 406 540 336 249 721 607 549 970 329 217 322 625 167 169 735 621 499 19 991 
395 123 773 598 861 334 25 604 741 231 955 491 638 847 179 887 920 786 436 890 
468 6 212 93 525 381 180 146 880 552 138 627 675 263 225 536 597 602 492 690 
834 447 533 472 646 713 711 566 851 147 456 319 153 668 413 678 49 945 177 281 
497 667 261 172 930 838 60 879 441 553 570 627 352 103 451 999 168 162 565 20 
661 374 339 167 42 752 197 444 698 374 77 547 41 338 720 323 177 780 203 970 
685 125 597 38 580 48 389 749 210 306 769 223 680 108 390 75 213 588 519 263 
314 596 810 356 287 530 31 816 663 586 786 348 711 383 738 292 783 127 41 345 
434 810 568 466 270 311 541 483 899 60 746 565 9 557 273 648 439 305 464 454 
891 250 155 603 985 893 247 768 373 640 465 159 450 33 625 72 344 167 556 595 
579 302 161 940 211 434 588 3 739 404 457 983 654 612 586 991 858 185 111 231 
825 576 742 627 962 367 699 658 886 255 254 818 910 767 758 473 201 699 476 293 
103 934 276 110 898 214 101 756 751 213 339 576 141 433 203 103 801 902 762 39 
510 368 857 772 135 968 245 688 667 74 333 770 360 609 880 258 175 334 367 926 
899 58 502 40 492 57 496 645 312 610 36 174 330 894 946 465 862 543 505 529 
969 839 651 329 800 884 940 328 218 659 254 117 69 109 509 913 518 5 910 830 
967 947 356 297 193 654 114 55 550 620 936 519 811 939 201 611 823 141 939 41 
152 546 510 221 7 20 487 525 377 397 708 345 344 64 642 537 719 757 944 269 
377 232 140 188 172 341 151 995 482 443 389 986 989 899 208 996 271 695 873 649 
444 581 994 141 998 636 678 69 745 975 690 122 207 830 662 731 172 166 79 6 
609 468 993 598 719 553 946 991 600 171 640 44 753 986 185 103 622 216 172 720 
191 862 842 750 44 857 834 216 23 913 223 632 733 568 582 452 121 880 795 721 
51 435 117 156 773 303 611 748 871 783 468 414 997 662 164 42 519 350 610 894 
263 833 878 996 401 460 801 874 692 596 947 96 384 65 252 157 720 864 905 591 
999 725 5 349 388 521 391 907 872 1 802 135 187 32 484 940 493 285 815 537 
881 114 633 265 179 238 775 899 454 32 490 805 758 495 154 146 17 897 53 889 
251 207 376 438 240 860 730 85 145 897 974 379 12 960 996 191 198 771 91 4 
804 933 809 562 429 316 708 798 213 113 39 816 673 415 254 265 628 985 702 125 
234 676 504 246 636 501 438 186 272 881 542 428 814 704 990 595 20 50 745 585 
516 784 402 189 552 8 806 180 345 508 305 580 536 162 826 525 663 616 63 287 
849 606 716 664 310 706 611 330 109 709 267 625 493 669 166 397 30 972 929 375 
832 587 955 720 749 134 245 764 750 309 51 600 915 767 616 577 826 579 259 287 
288 526 912 782 548 430 531 578 754 461 953 586 48 261 306 149 395 904 913 497 
213 964 97 480 84 65 57 262 645 668 549 933 194 461 67 94 243 951 672 997 
412 978 583 812 591 241 313 338 145 226 835 710 542 285 542 626 350 599 888 347 
619 789 633 814 250 700 908 493 651 933 842 415 263 425 579 854 19 892 192 516 
118 379 227 13 664 769 991 367 721 232 714 340 21 347 506 624 400 767 469 403 
52 312 171 315 89 750 521 108 643 65 625 113 444 204 126 461 325 118 828 398 
702 894 91 723 594 949 347 346 716 817 749 768 129 272 435 218 23 308 679 18 
373 656 131 170 860 610 631 537 80 811 936 782 57 379 505 651 328 853 997 45 
22 99 165 151 371 953 369 746 261 400 764 987 56 248 509 916 858 140 806 290 
303 94 72 360 473 929 364 153 134 361 550 156 812 68 307 536 21 29 634 634 
429 399 973 838 999 482 106 209 974 912 499 277 6 923 990 831 852 354 337 987 
67 887 495 880 955 155 768 976 184 402 963 965 153 936 803 152 419 910 361 393 
174 860 23 533 783 13 716 988 367 53 327 434 941 822 666 896 977 434 225 513 
837 540 831 342 476 634 495 247 896 856 641 423 69 16 956 852 29 24 192 748 
78 519 534 19 694 553 267 671 987 844 537 176 384 368 519 213 354 14 460 603 
222 453 26 291 469 334 496 850 358 40 950 436 560 485 807 606 38 427 277 377 
271 166 554 8 534 425 221 889 791 681 844 365 135 870 657 956 556 505 807 914 
545 757 703 457 242 862 63 632 289 693 10 913 859 916 921 394 693 142 635 836 
175 479 201 662 701 210 619 609 715 426 523 613 535 578 70 130 441 486 762 730 
179 124 995 390 392 916 784 85 410 771 273 938 602 475 600 655 685 219 264 753 
997 140 718 533 70 788 663 511 626 777 594 805 254 589 196 646 858 332 84 620 
456 357 558 410 184 159 66 222 730 682 327 80 174 45 965 245 185 980 108 812 
109 702 617 363 644 165 362 854 850 446 474 306 155 33 716 692 544 134 914 626 
817 593 58 991 638 23 588 823 3 697 635 113 399 605 476 395 122 190 601 972 
636 76 278 144 461 347 836 357 481 102 983 650 695 394 994 685 417 582 508 773 
279 496 886 31 453 714 778 575 905 380 900 893 456 530 389 269 877 577 626 711 
679 961 361 726 355 355 411 773 290 272 546 569 120 784 952 925 850 731 500 107 
111 752 1 919 283 742 188 512 320 166 223 351 127 937 78 483 644 841 608 934 
465 506 856 585 642 808 510 492 539 363 600 2 467 953 921 750 695 461 263 367 
627 838 719 755 775 797 590 772 990 550 706 456 408 562 393 50 723 256 894 614 
971 846 617 438 151 538 541 199 0 156 566 979 994 285 734 122 434 676 894 425 
226 952 233 986 867 978 36 590 586 283 204 557 129 173 348 633 64 241 832 416 
397 398 395 743 684 482 217 470 158 463 895 737 768 480 723 635 459 112 577 45 
395 133 955 876 307 303 861 371 896 693 139 645 92 534 740 128 16 958 598 527 
773 846 264 541 326 339 176 137 451 105 183 198 239 138 427 898 793 288 621 41 
334 760 686 778 294 426 906 663 384 856 190 510 54 806 51 733 145 228 870 949 
333 405 147 924 895 926 822 40 567 443 81 901 203 767 679 850 194 937 513 930 
793 55 440 200 861 492 933 358 72 803 307 757 209 807 34 456 733 856 497 300 
300 578 201 855 346 880 705 892 817 570 174 963 977 615 163 190 459 448 549 883 
251 856 992 812 663 26 269 749 883 118 49 535 696 603 742 394 483 800 638 653 
370 813 968 700 428 131 890 239 931 439 122 182 296 114 347 311 141 968 60 376 
86 462 263 134 65 5 529 900 805 167 905 528 980 873 228 760 356 118 351 287 
910 473 822 558 940 169 869 433 489 282 161 575 744 424 61 161 429 942 61 587 
110 967 115 442 192 343 555 549 813 906 188 75 732 10 633 24 179 855 457 20 
137 618 947 233 394 9 746 823 951 807 762 413 126 877 208 671 572 115 220 738 
21 408 813 105 419 447 129 950 654 938 323 143 908 270 376 302 279 122 478 583 
281 240 348 760 118 556 431 42 23 3 780 45 411 946 502 182 745 632 485 399 
570 808 542 479 430 270 133 62 744 611 645 25 852 993 137 322 902 568 716 925 
571 497 322 335 795 177 869 540 809 354 939 731 514 833 562 945 103 48 7 847 
659 4 224 863 349 362 537 603 282 254 881 206 103 203 893 898 732 762 438 893 
469 729 625 335 562 539 632 665 587 639 864 599 995 88 462 345 802 0 948 85 
606 829 643 709 385 888 607 469 650 397 363 471 126 340 159 688 879 791 353 819 
783 569 770 778 657 232 475 460 584 776 897 542 957 892 251 694 780 210 164 782 
607 527 254 733 867 765 773 98 556 478 269 691 47 39 822 705 272 297 517 208 
73 766 751 383 658 354 77 438 565 241 572 524 120 178 258 987 943 383 438 852 
862 707 543 909 747 365 966 371 663 483 579 88 601 682 471 259 37 901 49 954 
494 622 478 615 800 88 954 744 472 392 596 334 100 491 595 847 857 562 218 872 
397 149 960 999 832 784 610 221 685 660 527 531 282 5 146 434 446 101 530 918 
845 126 604 945 618 199 144 827 761 714 699 511 864 11 510 48 795 120 621 832 
132 148 364 766 505 862 201 951 315 731 869 161 210 825 458 180 25 603 7 138 
669 58 649 885 69 511 933 865 984 906 49 116 406 765 883 912 628 84 215 295 
167 437 456 729 262 267 909 287 222 268 778 891 326 427 777 396 939 62 613 923 
969 662 391 727 780 274 639 760 710 207 55 230 644 864 959 258 131 869 898 353 
489 676 244 816 455 373 212 746 436 177 21 757 191 413 484 971 687 476 731 750 
683 787 980 679 651 939 937 782 160 187 135 650 863 731 466 319 105 30 65 541 
207 87 298 398 852 134 722 891 610 453 641 293 240 973 324 243 913 262 25 425 
449 512 75 665 596 893 336 701 275 401 594 834 840 244 585 692 378 307 936 989 
760 577 634 353 551 959 596 816 573 974 593 374 486 669 391 82 914 727 135 190 
481 81 376 321 325 961 366 56 268 302 397 381 231 383 734 134 694 330 950 619 
304 896 994 143 917 737 577 831 465 713 373 946 146 750 619 472 63 985 880 332 
639 629 65 871 12 799 5 707 481 308 326 138 204 672 281 121 410 858 304 227 
923 30 173 70 132 792 894 195 130 126 879 769 755 944 640 767 743 998 826 225 
658 153 715 862 177 996 335 939 206 639 166 130 21 339 552 153 484 798 349 614 
924 228 383 679 173 376 446 268 726 625 845 384 778 560 246 307 908 933 247 115 
924 413 597 946 105 501 99 589 299 800 203 575 29 938 254 554 666 52 174 392 
677 372 776 807 284 374 115 193 307 362 308 232 775 257 530 880 758 629 821 409 
782 24 984 163 315 590 69 981 642 243 726 672 615 502 479 900 877 594 445 536 
308 105 120 84 362 650 316 472 632 138 233 414 514 217 577 829 807 646 163 801 
889 889 473 857 743 953 109 972 899 906 509 208 11 629 292 725 280 960 197 264 
98 430 678 965 999 255 146 806 253 309 607 494 550 433 351 294 386 812 618 285 
70 127 845 81 109 137 806 389 450 355 653 900 785 683 865 784 938 12 942 191 
673 902 685 576 335 389 222 73 553 840 710 624 968 556 57 77 45 864 818 495 
219 823 748 357 506 613 493 796 977 788 339 3 690 376 579 377 117 801 802 23 
641 512 999 961 420 56 390 466 920 208 313 492 383 61 201 241 27 694 37 356 
482 728 359 524 457 290 253 574 443 55 597 437 920 596 398 340 5 789 158 925 
349 472 769 85 885 970 326 912 17 716 269 499 444 980 376 901 623 981 828 66 
389 777 503 309 726 254 1 731 395 512 8 744 984 778 829 869 100 508 134 117 
224 755 969 20 735 345 922 358 326 102 425 715 879 280 376 605 534 730 336 929 
242 345 26 226 475 207 447 575 715 581 693 939 336 14 960 424 359 234 134 37 
336 911 105 567 192 481 173 78 211 509 8 453 206 386 31 681 593 479 609 661 
412 654 600 101 668 912 877 27 498 11 416 186 275 521 754 467 3 927 897 566 
788 257 20 347 643 403 380 589 234 989 250 999 643 202 100 663 467 329 42 965 
340 459 152 967 980 258 434 335 537 332 902 677 941 274 24 585 29 405 174 264 
746 776 263 742 978 715 405 445 44 800 763 736 259 267 56 591 525 490 927 62 
174 181 739 116 807 116 53 188 873 579 452 619 355 67 713 685 134 471 483 530 
271 246 619 530 865 675 473 390 517 752 804 692 933 895 160 92 11 565 281 884 
144 85 856 851 153 921 536 639 392 371 170 663 969 789 545 834 464 19 576 981 
771 380 25 57 276 537 149 639 102 782 876 598 220 84 801 725 5 690 364 398 
61 534 61 31 675 959 217 491 978 794 825 749 174 202 806 802 740 308 794 194 
442 670 145 662 754 946 387 111 636 104 509 698 990 923 81 666 882 298 509 212 
444 334 961 619 537 120 773 629 780 919 175 222 941 672 237 695 619 976 159 607 
80 668 657 71 943 738 89 177 389 598 389 833 933 703 804 822 823 930 803 955 
849 978 177 791 651 766 838 622 743 997 229 823 18 887 246 313 977 335 491 366 
934 232 552 219 935 356 393 110 286 196 65 488 526 595 279 529 361 469 503 456 
819 733 632 837 972 878 150 301 566 993 668 852 578 572 71 513 928 816 624 567 
364 41 55 242 636 686 772 350 507 627 806 326 712 438 515 684 669 18 986 235 
11 6 87 589 578 510 455 858 326 431 425 42 472 832 284 461 870 56 163 378 
684 969 56 396 408 572 433 77 590 771 664 953 777 751 895 707 613 350 565 291 
133 343 333 605 527 617 418 750 26 581 128 710 903 536 458 663 108 243 92 50 
366 756 4 143 859 899 202 472 601 120 763 734 463 96 691 342 713 110 92 739 
43 572 801 946 109 612 609 569 207 701 620 574 809 624 69 668 523 272 140 124 
744 255 210 207 703 901 901 769 363 994 508 407 566 662 705 675 626 315 245 185 
368 865 759 530 841 829 198 716 453 691 192 549 298 402 756 2 303 9 771 667 
3 631 426 570 645 131 597 271 798 194 457 519 59 568 49 252 749 599 968 554 
290 160 103 589 914 211 943 570 221 714 237 224 345 663 146 991 146 744 614 945 
938 423 816 350 992 865 602 93 464 923 648 107 435 751 48 350 963 991 920 536 
57 509 760 754 524 907 745 670 3 712 967 941 135 783 291 479 0 246 925 817 
169 573 924 604 676 324 306 991 667 226 527 724 735 640 478 259 547 576 282 902 
288 249 843 775 385 487 607 385 85 532 202 606 457 478 210 133 802 869 125 469 
447 652 193 183 644 24 794 543 600 428 445 240 30 289 367 415 128 974 152 565 
858 355 171 315 833 733 449 988 602 926 809 50 930 355 585 575 379 731 118 979 
160 564 571 190 205 938 957 685 265 109 250 123 464 421 791 650 154 592 990 109 
518 799 159 800 154 744 375 533 475 846 864 987 762 435 177 319 726 486 356 991 
596 606 466 412 379 257 62 885 849 404 994 719 204 153 520 710 249 247 244 725 
445 460 64 207 248 594 878 974 80 234 965 676 840 431 89 571 41 503 457 890 
908 451 962 464 957 482 174 206 81 770 283 879 583 348 86 831 942 317 805 22 
551 122 51 744 905 140 315 946 995 124 189 903 576 151 719 885 985 894 443 418 
16 727 297 599 427 736 430 721 53 587 95 604 61 146 700 967 638 368 265 634 
492 454 889 420 605 609 305 942 855 749 361 871 828 658 823 255 394 605 328 